sitiuation1, size from 1000 to 100000
sitiuation1, size from 1000 to 100000
1000 0.0003405 0.0003075
2000 0.0007283 0.0012517
3000 0.0012365 0.0017968
4000 0.0016062 0.0018714
5000 0.0027141 0.003009
6000 0.0026612 0.002672
7000 0.0038582 0.0034479
8000 0.003858 0.0036043
9000 0.0049683 0.0094831
10000 0.0062087 0.0049412
11000 0.0056407 0.0060581
12000 0.0053473 0.0057319
13000 0.0080884 0.0062797
14000 0.0072208 0.008933
15000 0.0067649 0.0079789
16000 0.0077744 0.0077641
17000 0.0080194 0.0096785
18000 0.0084766 0.0101483
19000 0.0098027 0.0097307
20000 0.0115067 0.0108204
21000 0.0112721 0.0138964
22000 0.0104069 0.0121972
23000 0.0135081 0.0133313
24000 0.0139294 0.0165063
25000 0.0127187 0.0127814
26000 0.0154807 0.015683
27000 0.0144179 0.0143956
28000 0.0163667 0.0169823
29000 0.0196013 0.0218568
30000 0.0156099 0.0176415
31000 0.027034 0.0261864
32000 0.0169012 0.0182124
33000 0.0241487 0.026914
34000 0.0172684 0.0195605
35000 0.0189806 0.0205634
36000 0.0184722 0.0212139
37000 0.020146 0.0220125
38000 0.0330629 0.0262548
39000 0.0221577 0.0232827
40000 0.0224075 0.0243522
41000 0.0230396 0.0250463
42000 0.0236118 0.0260099
43000 0.0281884 0.028481
44000 0.0271821 0.0307141
45000 0.0257288 0.0370357
46000 0.0321092 0.0333565
47000 0.0246344 0.0346054
48000 0.0253084 0.0327753
49000 0.0295191 0.0309082
50000 0.0303755 0.0396212
51000 0.0349849 0.0335542
52000 0.0340248 0.0334102
53000 0.0313963 0.0334337
54000 0.0348644 0.0368271
55000 0.0354027 0.0418384
56000 0.0326105 0.0380371
57000 0.0367861 0.0400102
58000 0.0328389 0.0401626
59000 0.0339597 0.0373901
60000 0.0353732 0.0474817
61000 0.0374748 0.0395378
62000 0.0380451 0.0489239
63000 0.0353208 0.0510611
64000 0.0385743 0.044291
65000 0.0524795 0.0610174
66000 0.0401566 0.0435566
67000 0.0399557 0.0448288
68000 0.0484839 0.06133
69000 0.0403802 0.0455788
70000 0.0445285 0.0642048
71000 0.04465 0.0556967
72000 0.0437863 0.0494085
73000 0.0433504 0.0554616
74000 0.0506307 0.0528213
75000 0.0441649 0.0589278
76000 0.0445235 0.0531027
77000 0.0476152 0.0557361
78000 0.0513316 0.0551378
79000 0.0557656 0.061951
80000 0.0474606 0.0655288
81000 0.0468694 0.0579438
82000 0.0547588 0.0593087
83000 0.0586465 0.0666829
84000 0.0619301 0.0653188
85000 0.0554453 0.0644644
86000 0.0548229 0.071146
87000 0.0558259 0.0625905
88000 0.0610321 0.0675411
89000 0.0560328 0.0699136
90000 0.066341 0.0693315
91000 0.0686061 0.0678411
92000 0.0598217 0.0689672
93000 0.0649573 0.0811534
94000 0.065563 0.0726882
95000 0.07234 0.0899728
96000 0.0592021 0.100732
97000 0.0602989 0.0778962
98000 0.0736212 0.103353
99000 0.0822012 0.0825299
100000 0.071586 0.097802
sitiuation2, size from 1000 to 100000
1000 0.000432 0.0003734
2000 0.0008442 0.0005872
3000 0.0010844 0.0009408
4000 0.0015603 0.0014313
5000 0.002636 0.0025593
6000 0.0028455 0.0024319
7000 0.0032174 0.0027135
8000 0.0038285 0.0034537
9000 0.0043009 0.0041426
10000 0.0043971 0.0042146
11000 0.0052325 0.0048513
12000 0.0059337 0.0045085
13000 0.0059126 0.0058316
14000 0.0068683 0.0062622
15000 0.0085275 0.0072256
16000 0.0087348 0.0077535
17000 0.0077694 0.0072918
18000 0.0084426 0.0071914
19000 0.00926 0.0078946
20000 0.0117857 0.009696
21000 0.0224368 0.0113707
22000 0.0109847 0.0090958
23000 0.01096 0.0099403
24000 0.0188619 0.0123912
25000 0.018756 0.0141707
26000 0.0321012 0.013307
27000 0.0140641 0.0123672
28000 0.0167428 0.0155945
29000 0.0182387 0.0257144
30000 0.0160013 0.0132601
31000 0.0167462 0.013831
32000 0.0189304 0.0158647
33000 0.0184628 0.0184459
34000 0.0181903 0.0150629
35000 0.01856 0.0173422
36000 0.0187953 0.0205426
37000 0.0217504 0.0189449
38000 0.0253912 0.0245483
39000 0.0405432 0.0287501
40000 0.0254656 0.0242416
41000 0.0247926 0.0209233
42000 0.0250714 0.0219452
43000 0.0227115 0.0220247
44000 0.0240119 0.020943
45000 0.026925 0.0242629
46000 0.0289868 0.024811
47000 0.0327623 0.0286686
48000 0.0251337 0.024537
49000 0.0301373 0.0268131
50000 0.0278521 0.025345
51000 0.0296307 0.0249463
52000 0.0327123 0.0286728
53000 0.0292945 0.0277547
54000 0.0957396 0.0924916
55000 0.0351115 0.0285552
56000 0.0367615 0.0299305
57000 0.0358417 0.035064
58000 0.0348487 0.0326373
59000 0.0659738 0.0602715
60000 0.0344903 0.0320822
61000 0.0428354 0.0339023
62000 0.0422712 0.0390045
63000 0.0431138 0.0439497
64000 0.0373689 0.0352698
65000 0.048193 0.0508893
66000 0.0396644 0.0377359
67000 0.0502592 0.0475229
68000 0.0475559 0.0412915
69000 0.0463644 0.0445967
70000 0.0453513 0.0481834
71000 0.0421743 0.0399962
72000 0.0441806 0.0397299
73000 0.0515397 0.0499787
74000 0.0572593 0.045114
75000 0.0498587 0.0402534
76000 0.0646498 0.0548788
77000 0.0509589 0.0480943
78000 0.10891 0.0716959
79000 0.0483203 0.0451767
80000 0.059259 0.0513364
81000 0.0574813 0.0539032
82000 0.0527401 0.0513428
83000 0.0742521 0.0529297
84000 0.0610946 0.051792
85000 0.0524886 0.0618189
86000 0.0640805 0.048246
87000 0.0627803 0.0629024
88000 0.0544866 0.0579556
89000 0.0574708 0.0497637
90000 0.0552112 0.0586089
91000 0.0591871 0.0626827
92000 0.0572205 0.0661269
93000 0.0570033 0.0576031
94000 0.0591611 0.0641783
95000 0.0631793 0.0580442
96000 0.0601142 0.0571649
97000 0.0707117 0.0557141
98000 0.0613648 0.0558546
99000 0.0667501 0.070736
100000 0.0660471 0.0730678
sitiuation3, size from 1000 to 100000
1000 0.000676 0.0003963
2000 0.0014781 0.001936
3000 0.0015226 0.0015324
4000 0.0024867 0.0021349
5000 0.0029091 0.0030399
6000 0.0040505 0.0038565
7000 0.0049121 0.0044866
8000 0.0055025 0.005756
9000 0.0079276 0.0098444
10000 0.0078169 0.0073557
11000 0.0086739 0.0084741
12000 0.0079989 0.008923
13000 0.009092 0.0095416
14000 0.0103291 0.0107956
15000 0.0106433 0.0119868
16000 0.0119486 0.0203563
17000 0.0148017 0.0164208
18000 0.0134077 0.0162974
19000 0.0147614 0.0159746
20000 0.019316 0.0177319
21000 0.0172139 0.018369
22000 0.0193522 0.0228167
23000 0.0218748 0.0206998
24000 0.0212831 0.0219505
25000 0.0218526 0.0216488
26000 0.0229728 0.0268525
27000 0.0224433 0.0356768
28000 0.025411 0.026497
29000 0.0228758 0.0280686
30000 0.0265792 0.0300994
31000 0.0326906 0.0293644
32000 0.0274278 0.0314173
33000 0.029376 0.0308993
34000 0.0297188 0.0406188
35000 0.0305813 0.0346462
36000 0.0315408 0.0380004
37000 0.0330948 0.0396484
38000 0.0304419 0.0405232
39000 0.0358146 0.0462381
40000 0.0335802 0.0391924
41000 0.0313633 0.0377316
42000 0.0321181 0.0397934
43000 0.0381691 0.0415623
44000 0.0420972 0.0400752
45000 0.0350992 0.0436289
46000 0.0342411 0.0402792
47000 0.0378101 0.0500067
48000 0.0410857 0.045614
49000 0.037911 0.0434909
50000 0.0420463 0.0656753
51000 0.0647718 0.100861
52000 0.0528428 0.113892
53000 0.0452519 0.0490595
54000 0.0420389 0.04869
55000 0.0371972 0.0490135
56000 0.0462426 0.0650313
57000 0.0415713 0.0533432
58000 0.0423915 0.0517818
59000 0.0419547 0.0520023
60000 0.0462379 0.0556577
61000 0.0453713 0.066962
62000 0.0432563 0.0606852
63000 0.042575 0.0701019
64000 0.0442751 0.0728223
65000 0.0639413 0.0643629
66000 0.0514267 0.0596216
67000 0.0496912 0.0570948
68000 0.0612013 0.071215
69000 0.081955 0.0906217
70000 0.0520837 0.0642522
71000 0.0559287 0.0967141
72000 0.0624067 0.0872951
73000 0.0598521 0.0953008
74000 0.0574977 0.0683158
75000 0.0637114 0.0821506
76000 0.0671227 0.0871074
77000 0.0579704 0.0983962
78000 0.0702633 0.0832032
79000 0.104282 0.108826
80000 0.0604959 0.0827674
81000 0.0596118 0.0901541
82000 0.0702657 0.0853152
83000 0.0613411 0.0962059
84000 0.0645181 0.0912747
85000 0.0842114 0.10437
86000 0.0655728 0.0835288
87000 0.0616514 0.10283
88000 0.0629763 0.0859139
89000 0.0885393 0.0879281
90000 0.0721813 0.0920563
91000 0.0635181 0.0953549
92000 0.0656489 0.0986376
93000 0.0688834 0.104513
94000 0.0677398 0.106574
95000 0.0689009 0.101026
96000 0.0700526 0.120935
97000 0.139376 0.17713
98000 0.0769614 0.0957414
99000 0.082114 0.0948686
100000 0.074195 0.0991193
