sitiuation1, size from 1000 to 100000
sitiuation1, size from 1000 to 100000
1000 0.0014027 0.0007317
2000 0.003795 0.0021686
3000 0.0040077 0.0029658
4000 0.0050995 0.0033798
5000 0.006267 0.00458
6000 0.0068601 0.005122
7000 0.0072288 0.0056564
8000 0.0089552 0.0075085
9000 0.0104293 0.0075618
10000 0.0128684 0.0119105
11000 0.013835 0.0092137
12000 0.0133922 0.0110281
13000 0.0180675 0.0110324
14000 0.0156141 0.011498
15000 0.0157233 0.0117176
16000 0.0170378 0.0123428
17000 0.017492 0.0133491
18000 0.019787 0.0144867
19000 0.0196121 0.0157573
20000 0.0212451 0.0169446
21000 0.023377 0.0188938
22000 0.0244584 0.0239618
23000 0.0250295 0.0191599
24000 0.0300182 0.027463
25000 0.0272107 0.0238024
26000 0.0283218 0.0228769
27000 0.0323976 0.0263849
28000 0.0357894 0.0284097
29000 0.0357009 0.0252447
30000 0.0318446 0.0258266
31000 0.0390033 0.0360282
32000 0.0384851 0.0288202
33000 0.0452321 0.0316105
34000 0.0392292 0.0300305
35000 0.0427946 0.0282578
36000 0.0446866 0.0323398
37000 0.0380147 0.0310948
38000 0.0414395 0.0340695
39000 0.0416498 0.0312554
40000 0.0466792 0.0349897
41000 0.0433539 0.0528307
42000 0.0440781 0.0406278
43000 0.0462481 0.036236
44000 0.0636089 0.0451748
45000 0.049938 0.0401167
46000 0.0534317 0.0415603
47000 0.053762 0.0404028
48000 0.0578723 0.0416818
49000 0.0623048 0.0450494
50000 0.0546763 0.0433136
51000 0.0573224 0.0435858
52000 0.0589282 0.0451469
53000 0.0598554 0.04882
54000 0.072111 0.0550996
55000 0.0738283 0.0572715
56000 0.0654419 0.0488971
57000 0.0609906 0.0503965
58000 0.06811 0.0605629
59000 0.0668175 0.0535079
60000 0.0704176 0.0587969
61000 0.0831275 0.0865001
62000 0.0710033 0.0588609
63000 0.0697043 0.0662902
64000 0.0902317 0.0588269
65000 0.0776038 0.0594833
66000 0.0742017 0.062137
67000 0.0762689 0.0616714
68000 0.0924469 0.0663152
69000 0.0825548 0.0624075
70000 0.122373 0.0780382
71000 0.0890931 0.0625964
72000 0.0822383 0.0679899
73000 0.0919748 0.0659747
74000 0.0925385 0.0695918
75000 0.0809908 0.0675401
76000 0.0864761 0.0665486
77000 0.0923771 0.0717381
78000 0.0933055 0.0733368
79000 0.0904083 0.075198
80000 0.0887352 0.0704402
81000 0.0936685 0.0685518
82000 0.0920727 0.0725934
83000 0.0991478 0.0762477
84000 0.0965375 0.0787163
85000 0.099854 0.0783706
86000 0.0982318 0.0791638
87000 0.109481 0.0779854
88000 0.103081 0.0787957
89000 0.104595 0.0795056
90000 0.124597 0.0858019
91000 0.114957 0.0961342
92000 0.109264 0.0891934
93000 0.10549 0.0923999
94000 0.109307 0.0836306
95000 0.125798 0.0927723
96000 0.121955 0.08702
97000 0.117998 0.0856671
98000 0.19787 0.0980251
99000 0.121013 0.0970903
100000 0.124935 0.0938818
sitiuation2, size from 1000 to 100000
1000 0.0009492 0.0006252
2000 0.0019176 0.0012958
3000 0.0030233 0.0027857
4000 0.0057246 0.003288
5000 0.0073026 0.0045454
6000 0.0064402 0.0045656
7000 0.0070303 0.0049273
8000 0.0082564 0.0074588
9000 0.0104915 0.0077989
10000 0.0132881 0.0163948
11000 0.0117135 0.0079204
12000 0.0129383 0.0109919
13000 0.0168601 0.0108416
14000 0.015497 0.0114467
15000 0.0175927 0.0120887
16000 0.0192049 0.0127944
17000 0.0214128 0.0155578
18000 0.0199929 0.0141217
19000 0.0206273 0.0138023
20000 0.0228384 0.0157239
21000 0.0245867 0.0165511
22000 0.0280541 0.0179985
23000 0.0255723 0.0174258
24000 0.0325004 0.023155
25000 0.0296618 0.0209543
26000 0.0356462 0.0374622
27000 0.0341231 0.0223151
28000 0.0330299 0.0241156
29000 0.0344537 0.0234894
30000 0.0316972 0.024993
31000 0.0346221 0.0246192
32000 0.0368765 0.0237711
33000 0.0397502 0.0254824
34000 0.0367666 0.0259083
35000 0.0389615 0.0274745
36000 0.0438487 0.027757
37000 0.0430027 0.0289764
38000 0.061019 0.0320539
39000 0.0528552 0.0306493
40000 0.0442459 0.0319778
41000 0.0461209 0.0371602
42000 0.0545764 0.0428696
43000 0.0512187 0.0331067
44000 0.0504613 0.0368476
45000 0.0530757 0.0355422
46000 0.055583 0.036984
47000 0.0551752 0.0389965
48000 0.0557029 0.0378193
49000 0.0514513 0.04007
50000 0.0541025 0.0383673
51000 0.0553971 0.0420626
52000 0.0582161 0.0391121
53000 0.0585094 0.0468237
54000 0.153599 0.106096
55000 0.0614416 0.0474974
56000 0.0726546 0.0431347
57000 0.0609368 0.0456029
58000 0.0639371 0.0452275
59000 0.0836714 0.0730289
60000 0.0681443 0.0498313
61000 0.0695424 0.0466235
62000 0.0887838 0.0543972
63000 0.0769718 0.0554431
64000 0.0727175 0.0539386
65000 0.0792787 0.0573804
66000 0.0710566 0.0587184
67000 0.0799102 0.0657288
68000 0.0780304 0.0590106
69000 0.0914168 0.060434
70000 0.0831542 0.0600559
71000 0.0860738 0.0608166
72000 0.0822511 0.0597171
73000 0.0885751 0.0600136
74000 0.0907212 0.0688209
75000 0.0862382 0.0622092
76000 0.108829 0.0693188
77000 0.102244 0.0720888
78000 0.12674 0.0984354
79000 0.094262 0.0709674
80000 0.0890562 0.0840478
81000 0.104109 0.0802793
82000 0.101721 0.0673656
83000 0.130748 0.075084
84000 0.0958129 0.0743703
85000 0.10959 0.0698951
86000 0.107532 0.0776867
87000 0.134288 0.0754107
88000 0.0998302 0.0835661
89000 0.106343 0.0695107
90000 0.102136 0.0726989
91000 0.11321 0.077069
92000 0.112116 0.0801449
93000 0.113432 0.0798734
94000 0.108112 0.0758001
95000 0.114412 0.07996
96000 0.114155 0.0797739
97000 0.127458 0.0863866
98000 0.120419 0.0801064
99000 0.122827 0.0945621
100000 0.114616 0.0857181
sitiuation3, size from 1000 to 100000
1000 0.0005635 0.0005427
2000 0.0015432 0.0011767
3000 0.0026496 0.0020164
4000 0.0028836 0.0031559
5000 0.0049402 0.0033409
6000 0.0046214 0.0041659
7000 0.0066668 0.0054618
8000 0.0059931 0.0073153
9000 0.0113447 0.0066894
10000 0.0093124 0.0088573
11000 0.0095408 0.0090734
12000 0.0110213 0.0094604
13000 0.0114331 0.0130654
14000 0.0124205 0.011323
15000 0.0133513 0.011743
16000 0.0159476 0.0137586
17000 0.0171282 0.0174795
18000 0.0163928 0.0159947
19000 0.016301 0.0189431
20000 0.021093 0.0201537
21000 0.0194798 0.0177957
22000 0.0209181 0.0243948
23000 0.0222771 0.0208615
24000 0.0263759 0.0238573
25000 0.0232787 0.0228651
26000 0.0256941 0.0244483
27000 0.0268276 0.0322424
28000 0.0272049 0.0278109
29000 0.0328014 0.0290516
30000 0.0282196 0.0287038
31000 0.0304017 0.0308069
32000 0.0378938 0.0352322
33000 0.0318399 0.0399427
34000 0.0412231 0.0388749
35000 0.0357315 0.036447
36000 0.0361819 0.0378941
37000 0.0365842 0.0377234
38000 0.0388043 0.0402772
39000 0.0541888 0.0493202
40000 0.0394509 0.0474638
41000 0.0523701 0.043317
42000 0.0423679 0.0460443
43000 0.0464524 0.0473153
44000 0.0443186 0.0451846
45000 0.045532 0.0457529
46000 0.0496646 0.0528509
47000 0.0518601 0.0496859
48000 0.0537918 0.0544623
49000 0.0586064 0.0527037
50000 0.110547 0.115221
51000 0.0871646 0.0794899
52000 0.109438 0.0839635
53000 0.0564114 0.0550458
54000 0.0573961 0.0568545
55000 0.0556807 0.0630122
56000 0.070066 0.0673978
57000 0.0680841 0.0580715
58000 0.0616349 0.0679761
59000 0.0676395 0.0621037
60000 0.0626832 0.0661125
61000 0.0642258 0.0648837
62000 0.0698134 0.0642779
63000 0.0816692 0.0662543
64000 0.0785909 0.0701635
65000 0.0707894 0.0787392
66000 0.069073 0.0730138
67000 0.0758041 0.0671776
68000 0.085919 0.0723651
69000 0.087008 0.0823826
70000 0.0804174 0.0709665
71000 0.0888852 0.0893305
72000 0.0829817 0.100109
73000 0.107603 0.0819118
74000 0.0814057 0.0767652
75000 0.103764 0.101058
76000 0.100494 0.0944871
77000 0.15828 0.148547
78000 0.0950275 0.0830783
79000 0.117888 0.100877
80000 0.101635 0.124603
81000 0.0941611 0.0875058
82000 0.0933059 0.0987943
83000 0.0929388 0.0872328
84000 0.0913297 0.108207
85000 0.110014 0.106781
86000 0.0943143 0.0915913
87000 0.116959 0.0869617
88000 0.133171 0.132606
89000 0.0978264 0.0897248
90000 0.1034 0.095244
91000 0.0981604 0.0952992
92000 0.0996971 0.0954169
93000 0.102245 0.0982425
94000 0.108751 0.100535
95000 0.103442 0.0991754
96000 0.107649 0.101235
97000 0.251825 0.189316
98000 0.117469 0.0952603
99000 0.112199 0.0986186
100000 0.118732 0.0986124
