sitiuation1, size from 1000 to 100000
sitiuation1, size from 1000 to 100000
1000 6.64e-05 3.78e-05
2000 0.0003838 0.0001851
3000 0.0003176 0.0002288
4000 0.0003217 0.0001779
5000 0.0004408 0.0002371
6000 0.0005257 0.0002616
7000 0.0005296 0.0002878
8000 0.000716 0.0004342
9000 0.0007663 0.0006786
10000 0.0009994 0.000551
11000 0.0009042 0.0004827
12000 0.001038 0.0007382
13000 0.0010752 0.0006341
14000 0.0010803 0.0005633
15000 0.0012759 0.000589
16000 0.0012724 0.0007022
17000 0.0013051 0.0007349
18000 0.0014247 0.0007509
19000 0.0014634 0.0007967
20000 0.0017723 0.0010037
21000 0.0024023 0.0012091
22000 0.0029768 0.0014843
23000 0.0019086 0.001154
24000 0.0023054 0.0015879
25000 0.0036016 0.0025494
26000 0.0033074 0.0016905
27000 0.003044 0.001541
28000 0.0031711 0.0020715
29000 0.0034119 0.0018239
30000 0.0025063 0.0015419
31000 0.0028015 0.0021789
32000 0.0026112 0.0017931
33000 0.0033605 0.0029058
34000 0.0029757 0.0018448
35000 0.0030579 0.0018265
36000 0.0045696 0.0025856
37000 0.0043061 0.0026427
38000 0.0037169 0.0024609
39000 0.0032307 0.0019769
40000 0.0039092 0.0022842
41000 0.0066929 0.0041989
42000 0.0047157 0.0027233
43000 0.0036735 0.0022608
44000 0.0044217 0.0029105
45000 0.0038435 0.0026093
46000 0.0048648 0.002869
47000 0.0041721 0.0028422
48000 0.0042963 0.002783
49000 0.0046976 0.0042162
50000 0.0053893 0.0029507
51000 0.0045221 0.0029115
52000 0.0046593 0.0030473
53000 0.005501 0.0042929
54000 0.0054119 0.0046982
55000 0.0055388 0.0038566
56000 0.0052172 0.0031213
57000 0.0051182 0.0032322
58000 0.0062332 0.00389
59000 0.0057623 0.0035663
60000 0.0059384 0.0040529
61000 0.0077907 0.005559
62000 0.0070251 0.0039684
63000 0.0055067 0.0047479
64000 0.0062524 0.0038185
65000 0.0076258 0.0042875
66000 0.0064507 0.0039338
67000 0.006106 0.004398
68000 0.0080332 0.0052041
69000 0.006448 0.0053705
70000 0.0085596 0.0049519
71000 0.0066748 0.0042955
72000 0.0078971 0.0047226
73000 0.0073367 0.0044601
74000 0.0070056 0.0047942
75000 0.0076019 0.0047755
76000 0.0072658 0.0044417
77000 0.0075344 0.0048005
78000 0.0074027 0.0051765
79000 0.0078541 0.0052706
80000 0.0082204 0.0068331
81000 0.0079598 0.0048239
82000 0.0075653 0.0050741
83000 0.0093398 0.0057049
84000 0.0079026 0.0053226
85000 0.0089709 0.0057361
86000 0.0097273 0.0059757
87000 0.0102883 0.0055489
88000 0.0083213 0.0055302
89000 0.0083545 0.0071131
90000 0.0096417 0.0057461
91000 0.009302 0.0063579
92000 0.0087023 0.006256
93000 0.0098969 0.0109632
94000 0.0087692 0.0067519
95000 0.011075 0.0134375
96000 0.0096481 0.0062853
97000 0.0091918 0.006225
98000 0.0097512 0.0067612
99000 0.0102269 0.0062358
100000 0.0115905 0.0064693
sitiuation2, size from 1000 to 100000
1000 0.0001114 4.78e-05
2000 0.0001526 9.45e-05
3000 0.0002787 0.0001503
4000 0.0003749 0.0002359
5000 0.0004514 0.0003492
6000 0.0005897 0.0004482
7000 0.0006394 0.0003507
8000 0.0009578 0.0004947
9000 0.000777 0.0005076
10000 0.0009856 0.0008451
11000 0.0008731 0.0005443
12000 0.0010823 0.0012588
13000 0.0012653 0.0012883
14000 0.0012702 0.000826
15000 0.0015504 0.0010192
16000 0.0014743 0.0009364
17000 0.0014665 0.00103
18000 0.0015904 0.0011738
19000 0.0015493 0.0010411
20000 0.0044456 0.0011463
21000 0.0026022 0.0011816
22000 0.0019066 0.0014204
23000 0.0019866 0.0013492
24000 0.0023331 0.0024915
25000 0.0022401 0.0022254
26000 0.0030759 0.0022426
27000 0.0027712 0.0019404
28000 0.0030176 0.0021889
29000 0.0026725 0.0025792
30000 0.0025571 0.0017916
31000 0.002675 0.0016438
32000 0.0032664 0.0018464
33000 0.0031301 0.0027611
34000 0.0029814 0.0020731
35000 0.00302 0.0019972
36000 0.0034234 0.0021442
37000 0.0036811 0.00235
38000 0.0039852 0.0024973
39000 0.0033441 0.0023288
40000 0.0042966 0.0023486
41000 0.0039174 0.0027394
42000 0.0059908 0.0037482
43000 0.0038708 0.0025977
44000 0.0043598 0.0027365
45000 0.0046534 0.0027491
46000 0.0046059 0.0035465
47000 0.0044664 0.0033207
48000 0.0045787 0.0040059
49000 0.0045236 0.0030897
50000 0.0057655 0.0036185
51000 0.004957 0.0034356
52000 0.0049472 0.0032331
53000 0.0055989 0.0034372
54000 0.0074681 0.0065654
55000 0.0052612 0.0034969
56000 0.0050391 0.0035499
57000 0.0052129 0.0038022
58000 0.0069096 0.0041718
59000 0.0057103 0.0086959
60000 0.0059347 0.0040912
61000 0.0057316 0.003781
62000 0.0095835 0.0046334
63000 0.0065918 0.0042898
64000 0.0071632 0.0041488
65000 0.0082831 0.0058536
66000 0.0064454 0.0044594
67000 0.0063211 0.005209
68000 0.0062641 0.0043052
69000 0.0089773 0.0050774
70000 0.0070064 0.0062729
71000 0.0081561 0.0055706
72000 0.0075118 0.0047235
73000 0.0083428 0.0051635
74000 0.0080286 0.0053775
75000 0.0085345 0.0053544
76000 0.0075557 0.0053306
77000 0.0081733 0.0068746
78000 0.0118923 0.0090496
79000 0.0087416 0.0063989
80000 0.0095964 0.0066308
81000 0.0090678 0.0060615
82000 0.0081293 0.0053279
83000 0.0099541 0.0068362
84000 0.0100093 0.0059946
85000 0.0108101 0.0073724
86000 0.009426 0.0068389
87000 0.0087764 0.0061701
88000 0.0089832 0.0062563
89000 0.0095161 0.0058303
90000 0.0101333 0.006041
91000 0.0087562 0.0075415
92000 0.0090749 0.0060188
93000 0.0104135 0.0073383
94000 0.0104123 0.0078937
95000 0.0096387 0.00844
96000 0.0092633 0.0062171
97000 0.0141219 0.0112701
98000 0.0101562 0.0073485
99000 0.0106857 0.0071532
100000 0.0106897 0.0070031
sitiuation3, size from 1000 to 100000
1000 0.0001004 8.53e-05
2000 0.0002242 0.0001933
3000 0.0004129 0.0004436
4000 0.0006723 0.0004497
5000 0.0006263 0.0005819
6000 0.001046 0.0007866
7000 0.0009626 0.000919
8000 0.0011425 0.0009958
9000 0.0012721 0.0011756
10000 0.0019331 0.001446
11000 0.0014109 0.0013623
12000 0.0016303 0.0015204
13000 0.0022447 0.0025162
14000 0.0019457 0.0017335
15000 0.0027565 0.0019755
16000 0.002316 0.0021192
17000 0.0024712 0.0024288
18000 0.0025791 0.0024255
19000 0.0030424 0.0026633
20000 0.0032237 0.0026997
21000 0.0038667 0.0028749
22000 0.0032155 0.0037618
23000 0.0041533 0.0031625
24000 0.0034987 0.0043415
25000 0.0035876 0.0039911
26000 0.0050251 0.0036868
27000 0.0043415 0.0042465
28000 0.0045948 0.0040296
29000 0.0045391 0.0042079
30000 0.0065237 0.004488
31000 0.0056473 0.0045779
32000 0.0058154 0.0051178
33000 0.0074965 0.0052963
34000 0.0066112 0.0101789
35000 0.0059354 0.005634
36000 0.0056682 0.0053905
37000 0.0066888 0.0054194
38000 0.0058742 0.0061094
39000 0.0069214 0.00718
40000 0.0072189 0.0062148
41000 0.0062227 0.0059887
42000 0.0071017 0.00684
43000 0.0067557 0.0062938
44000 0.0067207 0.00592
45000 0.0079198 0.0077775
46000 0.0069729 0.0068565
47000 0.0098417 0.0085966
48000 0.0095422 0.0075071
49000 0.0073315 0.0075951
50000 0.0152677 0.0164663
51000 0.0111844 0.0093549
52000 0.0088993 0.0096854
53000 0.0097237 0.0125531
54000 0.0081216 0.0084606
55000 0.0083859 0.0073163
56000 0.0089049 0.0071572
57000 0.0080142 0.0071807
58000 0.0083204 0.0074253
59000 0.0093444 0.0077283
60000 0.0088354 0.0078879
61000 0.0085843 0.010261
62000 0.0091231 0.0078611
63000 0.0092938 0.0078085
64000 0.0091312 0.0076574
65000 0.009432 0.0090985
66000 0.0091415 0.0083724
67000 0.008739 0.0089368
68000 0.009464 0.0087348
69000 0.0099915 0.0128625
70000 0.0091912 0.0091415
71000 0.0116687 0.0093753
72000 0.0112217 0.0092482
73000 0.0123548 0.0119703
74000 0.010662 0.0090702
75000 0.0103811 0.0119217
76000 0.0105161 0.0102066
77000 0.0152927 0.0197742
78000 0.0124439 0.0110531
79000 0.0131815 0.0108529
80000 0.0151365 0.0144295
81000 0.0120238 0.0104954
82000 0.0113267 0.0093669
83000 0.0129292 0.0110544
84000 0.0115717 0.0113649
85000 0.0116287 0.010922
86000 0.0108209 0.0100446
87000 0.0116586 0.0124403
88000 0.012345 0.0104441
89000 0.0113362 0.0098907
90000 0.0117571 0.0097308
91000 0.0114989 0.0202524
92000 0.0128785 0.0115986
93000 0.0118074 0.0102137
94000 0.0125072 0.0109537
95000 0.0147475 0.0120211
96000 0.012697 0.0102019
97000 0.0135363 0.0142277
98000 0.0121844 0.0149866
99000 0.0125616 0.0111802
100000 0.0150212 0.0248663
